-2.50000000E+0	9.24697633E+3	1.42124753E-4	1.75080872E-5	1.42272702E-4	9.10700000E+1	3.13058000E+1	3.40003000E+1
-2.45000000E+0	9.24698307E+3	1.42495177E-4	1.02381449E-5	1.42495177E-4	9.10700000E+1	3.13045000E+1	3.39985000E+1
-2.40000000E+0	9.24699001E+3	1.42034343E-4	1.02440913E-5	1.42034343E-4	9.10700000E+1	3.13033000E+1	3.40006000E+1
-2.35000000E+0	9.24699768E+3	1.42151053E-4	1.02312524E-5	1.42135821E-4	9.10700000E+1	3.13022000E+1	0.00000000E+0
-2.30000000E+0	9.24700305E+3	1.42510291E-4	1.01719756E-5	1.42510291E-4	9.10700000E+1	3.13009000E+1	3.39997000E+1
-2.25000000E+0	9.24701163E+3	1.42322217E-4	1.02566042E-5	1.42322217E-4	9.10700000E+1	3.12996000E+1	3.40001000E+1
-2.20000000E+0	9.24702057E+3	1.42321327E-4	1.02324527E-5	1.42321327E-4	9.10700000E+1	3.12985000E+1	3.39987000E+1
-2.15000000E+0	9.24702492E+3	1.42181654E-4	1.02554729E-5	1.42181654E-4	9.10700000E+1	3.12974000E+1	3.40001000E+1
-2.10000000E+0	9.24703421E+3	1.42565661E-4	1.03107655E-5	1.42553413E-4	9.10700000E+1	3.12963000E+1	3.39987000E+1
-2.05000000E+0	9.24704243E+3	1.42285049E-4	1.02380769E-5	1.42285049E-4	9.10700000E+1	3.12952000E+1	0.00000000E+0
-2.00000000E+0	9.24705068E+3	1.42217265E-4	1.07071524E-5	1.42258971E-4	9.10700000E+1	3.12940000E+1	3.39994000E+1
-1.95000000E+0	9.24705725E+3	1.41982878E-4	1.19886623E-5	1.42075908E-4	9.10700000E+1	3.12928000E+1	3.39984000E+1
-1.90000000E+0	9.24706603E+3	1.41572779E-4	1.32649551E-5	1.41734448E-4	9.10700000E+1	3.12917000E+1	3.39998000E+1
-1.85000000E+0	9.24707432E+3	1.40896385E-4	1.32691304E-5	1.40816656E-4	9.10700000E+1	3.12905000E+1	3.39999000E+1
-1.80000000E+0	9.24708254E+3	1.34436808E-4	1.50286711E-5	1.34396965E-4	9.10700000E+1	3.12893000E+1	3.40011000E+1
-1.75000000E+0	9.24709080E+3	1.15027428E-4	1.05574603E-5	1.14941669E-4	9.10700000E+1	3.12882000E+1	3.40009000E+1
-1.70000000E+0	9.24709742E+3	8.88004386E-5	1.27527256E-5	8.86544706E-5	9.10700000E+1	3.12871000E+1	3.39999000E+1
-1.65000000E+0	9.24710885E+3	7.40746326E-5	9.20594739E-6	7.40572733E-5	9.10700000E+1	3.12859000E+1	3.40002000E+1
-1.60000000E+0	9.24711687E+3	7.78571997E-5	9.13164078E-6	7.78408750E-5	9.10700000E+1	3.12848000E+1	3.39995000E+1
-1.55000000E+0	9.24712481E+3	9.89702468E-5	9.43534714E-6	9.91183829E-5	9.10700000E+1	3.12838000E+1	3.39994000E+1
-1.50000000E+0	9.24713392E+3	1.25442178E-4	9.95170216E-6	1.25530582E-4	9.10700000E+1	3.12828000E+1	3.40002000E+1
-1.45000000E+0	9.24714088E+3	1.38871064E-4	1.02115919E-5	1.38844686E-4	9.10700000E+1	3.12819000E+1	3.39998000E+1
-1.40000000E+0	9.24715146E+3	1.42065955E-4	1.02406202E-5	1.42052001E-4	9.10700000E+1	3.12810000E+1	3.39999000E+1
-1.35000000E+0	9.24715946E+3	1.42393440E-4	1.02306271E-5	1.42368104E-4	9.10700000E+1	3.12801000E+1	3.39994000E+1
-1.30000000E+0	9.24716981E+3	1.42425877E-4	1.16844101E-5	1.42412419E-4	9.10700000E+1	3.12792000E+1	3.39988000E+1
-1.25000000E+0	9.24717926E+3	1.42616823E-4	1.03794296E-5	1.42588454E-4	9.10700000E+1	3.12784000E+1	3.40000000E+1
-1.20000000E+0	9.24718703E+3	1.42455829E-4	1.03554958E-5	1.42455829E-4	9.10700000E+1	3.12776000E+1	3.39996000E+1
-1.15000000E+0	9.24719656E+3	1.42640068E-4	1.03168032E-5	1.42640068E-4	9.10700000E+1	3.12769000E+1	3.39996000E+1
-1.10000000E+0	9.24720495E+3	1.42646990E-4	1.02720309E-5	1.42646990E-4	9.10700000E+1	3.12763000E+1	3.39996000E+1
-1.05000000E+0	9.24721483E+3	1.42580973E-4	1.09676101E-5	1.42500876E-4	9.10700000E+1	3.12755000E+1	3.39989000E+1
-1.00000000E+0	9.24722514E+3	1.42531645E-4	1.08445600E-5	1.42592820E-4	9.10700000E+1	3.12748000E+1	3.39993000E+1
-9.50000000E-1	9.24723307E+3	1.42598014E-4	1.03336637E-5	1.42598014E-4	9.10700000E+1	3.12742000E+1	3.39995000E+1
-9.00000000E-1	9.24724287E+3	1.42536543E-4	1.02973769E-5	1.42536543E-4	9.10700000E+1	3.12737000E+1	3.39998000E+1
-8.50000000E-1	9.24725220E+3	1.42626326E-4	1.07417401E-5	1.42576354E-4	9.10700000E+1	3.12730000E+1	3.39984000E+1
-8.00000000E-1	9.24726184E+3	1.42536735E-4	1.03802612E-5	1.42536735E-4	9.10700000E+1	3.12725000E+1	3.39994000E+1
-7.50000000E-1	9.24727145E+3	1.42484844E-4	1.03059620E-5	1.42472635E-4	9.10700000E+1	3.12720000E+1	3.40013000E+1
-7.00000000E-1	9.24728064E+3	1.42483193E-4	1.11894363E-5	1.42468339E-4	9.10700000E+1	3.12714000E+1	3.39999000E+1
-6.50000000E-1	9.24729067E+3	1.42350185E-4	1.07513979E-5	1.42412243E-4	9.10700000E+1	3.12709000E+1	3.39996000E+1
-6.00000000E-1	9.24729965E+3	1.42328339E-4	1.02860624E-5	1.42328339E-4	9.10700000E+1	3.12704000E+1	3.40005000E+1
-5.50000000E-1	9.24730946E+3	1.42323884E-4	1.17827489E-5	1.42272549E-4	9.10700000E+1	3.12699000E+1	3.39999000E+1
-5.00000000E-1	9.24731865E+3	1.42266780E-4	1.05103112E-5	1.42266780E-4	9.10700000E+1	3.12694000E+1	3.39994000E+1
-4.50000000E-1	9.24732861E+3	1.42191660E-4	1.03269251E-5	1.42179165E-4	9.10700000E+1	3.12689000E+1	3.40002000E+1
-4.00000000E-1	9.24733922E+3	1.42089737E-4	1.12800565E-5	1.42015476E-4	9.10700000E+1	3.12685000E+1	3.39998000E+1
-3.50000000E-1	9.24734805E+3	1.41835210E-4	1.04214993E-5	1.41835210E-4	9.10700000E+1	3.12680000E+1	3.39995000E+1
-3.00000000E-1	9.24735738E+3	1.41508266E-4	1.03413254E-5	1.41508266E-4	9.10700000E+1	3.12675000E+1	3.39997000E+1
-2.50000000E-1	9.24736725E+3	1.40914215E-4	1.25554142E-5	1.40914215E-4	9.10700000E+1	3.12671000E+1	3.39989000E+1
-2.00000000E-1	9.24737731E+3	1.38918989E-4	1.03153787E-5	1.38918989E-4	9.10700000E+1	3.12666000E+1	3.39986000E+1
-1.50000000E-1	9.24738660E+3	1.24602873E-4	9.99895750E-6	1.24733549E-4	9.10700000E+1	3.12663000E+1	3.40003000E+1
-1.00000000E-1	9.24739604E+3	7.12330031E-5	9.00891625E-6	7.12340730E-5	9.10700000E+1	3.12659000E+1	3.39996000E+1
-5.00000000E-2	9.24740499E+3	2.91085811E-5	8.38208684E-6	2.90760112E-5	9.10700000E+1	3.12655000E+1	3.39996000E+1
0.00000000E+0	9.24741729E+3	3.66169628E-5	8.28740164E-6	NaN	9.10700000E+1	3.12651000E+1	3.40001000E+1
5.00000000E-2	9.24742693E+3	7.48648933E-5	8.40891633E-6	NaN	9.10700000E+1	3.12646000E+1	3.39986000E+1
1.00000000E-1	9.24743720E+3	2.78850944E-5	8.37129116E-6	2.78887754E-5	9.10700000E+1	3.12643000E+1	3.40004000E+1
1.50000000E-1	9.24744564E+3	6.83640710E-5	9.10942708E-6	6.84782085E-5	9.10700000E+1	3.12639000E+1	3.39996000E+1
2.00000000E-1	9.24745545E+3	1.23481177E-4	9.95838299E-6	1.23692381E-4	9.10700000E+1	3.12635000E+1	3.39992000E+1
2.50000000E-1	9.24746682E+3	1.38914294E-4	1.05371665E-5	1.38914294E-4	9.10700000E+1	3.12631000E+1	3.39988000E+1
3.00000000E-1	9.24747724E+3	1.41004573E-4	1.03394603E-5	1.41004573E-4	9.10700000E+1	3.12628000E+1	3.40014000E+1
3.50000000E-1	9.24748613E+3	1.41594335E-4	1.03313598E-5	1.41576739E-4	9.10700000E+1	3.12624000E+1	3.39998000E+1
4.00000000E-1	9.24749608E+3	1.41900419E-4	1.03994672E-5	1.41888240E-4	9.10700000E+1	3.12621000E+1	3.39980000E+1
4.50000000E-1	9.24750742E+3	1.42128734E-4	1.10019740E-5	1.42094883E-4	9.10700000E+1	3.12618000E+1	3.40001000E+1
5.00000000E-1	9.24751824E+3	1.42278903E-4	1.03485890E-5	1.42267117E-4	9.10700000E+1	3.12614000E+1	3.39992000E+1
5.50000000E-1	9.24752846E+3	1.42390300E-4	1.11189922E-5	1.42379100E-4	9.10700000E+1	3.12612000E+1	3.40019000E+1
6.00000000E-1	9.24753886E+3	1.42373765E-4	1.05095241E-5	1.42383226E-4	9.10700000E+1	3.12610000E+1	3.39997000E+1
6.50000000E-1	9.24754805E+3	1.42562674E-4	1.17065258E-5	1.42437895E-4	9.10700000E+1	3.12608000E+1	3.39988000E+1
7.00000000E-1	9.24755872E+3	1.42558479E-4	1.04000914E-5	1.42558479E-4	9.10700000E+1	3.12606000E+1	3.40002000E+1
7.50000000E-1	9.24756946E+3	1.42601273E-4	1.09467701E-5	1.42552398E-4	9.10700000E+1	3.12604000E+1	3.39996000E+1
8.00000000E-1	9.24757851E+3	1.42577557E-4	1.10527910E-5	1.42656248E-4	9.10700000E+1	3.12602000E+1	3.39998000E+1
8.50000000E-1	9.24758797E+3	1.42622191E-4	1.86265347E-5	1.42635626E-4	9.10700000E+1	3.12601000E+1	3.39989000E+1
9.00000000E-1	9.24759905E+3	1.42734352E-4	1.04048587E-5	1.42732713E-4	9.10700000E+1	3.12600000E+1	3.40014000E+1
9.50000000E-1	9.24760766E+3	1.42693607E-4	1.03303105E-5	1.42693607E-4	9.10700000E+1	3.12598000E+1	0.00000000E+0
1.00000000E+0	9.24761962E+3	1.42706361E-4	1.05820487E-5	1.42652855E-4	9.10700000E+1	3.12598000E+1	3.39990000E+1
1.05000000E+0	9.24763032E+3	1.42689171E-4	1.03785746E-5	1.42689171E-4	9.10700000E+1	3.12596000E+1	3.40010000E+1
1.10000000E+0	9.24763847E+3	1.42647283E-4	1.46467055E-5	1.42706626E-4	9.11600000E+1	3.12596000E+1	3.39988000E+1
1.15000000E+0	9.24765077E+3	1.42779573E-4	1.04448111E-5	1.42767019E-4	9.10700000E+1	3.12596000E+1	3.39992000E+1
1.20000000E+0	9.24766047E+3	1.42764405E-4	1.08943825E-5	1.42743999E-4	9.11600000E+1	3.12596000E+1	3.39998000E+1
1.25000000E+0	9.24767068E+3	1.42702852E-4	1.04356082E-5	1.42702852E-4	9.10700000E+1	3.12596000E+1	3.39994000E+1
1.30000000E+0	9.24767967E+3	1.42672266E-4	1.09235052E-5	1.42758056E-4	9.11600000E+1	3.12597000E+1	3.40003000E+1
1.35000000E+0	9.24769037E+3	1.42752544E-4	1.04231306E-5	1.42752544E-4	9.11600000E+1	3.12597000E+1	3.40007000E+1
1.40000000E+0	9.24770180E+3	1.42844109E-4	1.08825312E-5	1.42785998E-4	9.10700000E+1	3.12599000E+1	3.39996000E+1
1.45000000E+0	9.24771113E+3	1.42836350E-4	1.05418643E-5	1.42770962E-4	9.11600000E+1	3.12600000E+1	0.00000000E+0
1.50000000E+0	9.24772191E+3	1.42816132E-4	1.06426041E-5	1.42816132E-4	9.11600000E+1	3.12602000E+1	3.39998000E+1
1.55000000E+0	9.24773234E+3	1.42886793E-4	1.07015124E-5	1.42886793E-4	9.10700000E+1	3.12605000E+1	3.40000000E+1
1.60000000E+0	9.24774433E+3	1.42813957E-4	1.14900543E-5	1.42733063E-4	9.11600000E+1	3.12608000E+1	0.00000000E+0
1.65000000E+0	9.24775534E+3	1.42725927E-4	1.08931389E-5	1.42751489E-4	9.11600000E+1	3.12611000E+1	3.40020000E+1
1.70000000E+0	9.24776591E+3	1.42789535E-4	1.13742184E-5	1.42727266E-4	9.11600000E+1	3.12615000E+1	3.40011000E+1
1.75000000E+0	9.24777725E+3	1.42721634E-4	1.04901771E-5	1.42721634E-4	9.11600000E+1	3.12619000E+1	3.39997000E+1
1.80000000E+0	9.24778779E+3	1.42736552E-4	1.10490841E-5	1.42701725E-4	9.11600000E+1	3.12624000E+1	3.40012000E+1
1.85000000E+0	9.24779927E+3	1.42882818E-4	1.35236100E-5	1.42882818E-4	9.11600000E+1	3.12629000E+1	3.40018000E+1
1.90000000E+0	9.24780945E+3	1.42889528E-4	1.09594398E-5	1.42822582E-4	9.11600000E+1	3.12634000E+1	3.40001000E+1
1.95000000E+0	9.24782194E+3	1.42901510E-4	1.27025978E-5	1.42825210E-4	9.11600000E+1	3.12640000E+1	3.39994000E+1
2.00000000E+0	9.24783134E+3	1.42862765E-4	1.05688141E-5	1.42865782E-4	9.11600000E+1	3.12646000E+1	3.39998000E+1
2.05000000E+0	9.24784359E+3	1.42873399E-4	1.05738759E-5	1.42873399E-4	9.11600000E+1	3.12652000E+1	3.40002000E+1
2.10000000E+0	9.24785437E+3	1.42856608E-4	1.05688646E-5	1.42838458E-4	9.11600000E+1	3.12658000E+1	3.39997000E+1
2.15000000E+0	9.24786511E+3	1.42829217E-4	1.20484393E-5	1.42829217E-4	9.11600000E+1	3.12665000E+1	3.39987000E+1
2.20000000E+0	9.24787625E+3	1.42898118E-4	1.10709991E-5	1.42886358E-4	9.11600000E+1	3.12672000E+1	3.40019000E+1
2.25000000E+0	9.24788622E+3	1.42906984E-4	1.06781428E-5	1.42838883E-4	9.11600000E+1	3.12679000E+1	3.39997000E+1
2.30000000E+0	9.24789843E+3	1.42898032E-4	1.05349937E-5	1.42898032E-4	9.11600000E+1	3.12686000E+1	3.39997000E+1
2.35000000E+0	9.24791063E+3	1.42951706E-4	1.04647056E-5	1.42939875E-4	9.11600000E+1	3.12693000E+1	3.40009000E+1
2.40000000E+0	9.24792076E+3	1.42757392E-4	1.10135121E-5	1.42807902E-4	9.11600000E+1	3.12701000E+1	3.39996000E+1
2.45000000E+0	9.24792989E+3	1.42757842E-4	1.07882087E-5	1.42776011E-4	9.11600000E+1	3.12709000E+1	3.39998000E+1
2.50000000E+0	9.24794185E+3	1.42841266E-4	1.05369431E-5	1.42841266E-4	9.11600000E+1	3.12716000E+1	3.40016000E+1
